-1.590430457144975662e-02
1.197317661717534065e-02
-1.924642547965049744e-02
1.289761438965797424e-02
-1.355280401185154915e-02
5.894930800423026085e-03
-1.583526423200964928e-02
1.123843388631939888e-02
-1.825714949518442154e-02
1.300791278481483459e-02
-1.351678837090730667e-02
6.694634445011615753e-03
-1.500861998647451401e-02
1.095491182059049606e-02
-1.746099349111318588e-02
1.290981099009513855e-02
-1.424140436574816704e-02
6.707614753395318985e-03
-1.673116395249962807e-02
1.151434611529111862e-02
-2.378857787698507309e-02
1.261700270697474480e-02
-1.461257506161928177e-02
7.014717906713485718e-03
