Ac 2.15 0.66667 0.66666 0.00000
Ag 1.45 0.09751 0.67741 1.00000
Al 1.21 0.09751 0.67741 1.00000
Am 1.80 0.00000 0.66667 0.66667
Ar 1.07 0.33333 0.00000 0.33333
As 1.19 0.53341 0.53341 0.71707
At 1.50 0.50000 0.33333 0.33333
Au 1.36 1.00000 0.79663 0.39001
B 0.84 0.53341 0.53341 0.71707
Ba 2.15 0.74342 0.39631 0.45338
Be 0.96 0.61572 0.99997 0.61050
Bi 1.48 0.62942 0.42309 0.73683
Bk 1.55 0.62942 0.42309 0.73683
Br 1.20 0.96999 0.53349 0.24250
C 0.76 0.06577 0.02538 0.00287
Ca 1.76 0.36245 0.61630 0.77632
Cd 1.45 0.55711 0.50755 1.00000
Ce 2.04 0.00000 0.00000 1.00000
Cf 1.53 0.00000 0.00000 1.00000
Cl 1.02 0.94043 0.96999 0.37829
Cm 1.69 0.94043 0.96999 0.37829
Co 1.26 0.00000 0.00000 0.68666
Cr 1.39 1.00000 0.00000 0.60000
Cs 2.44 1.00000 0.00000 0.60000
Cu 1.32 0.78996 0.54162 0.14220
D 0.31 1.00000 0.87648 0.81001
Dy 1.92 1.00000 0.87648 0.81001
Er 1.89 0.53332 0.53332 0.53332
Es 1.50 0.53332 0.53332 0.53332
Eu 1.98 1.00000 0.00000 0.60000
F 0.57 0.09603 0.80000 0.74127
Fe 1.32 0.71051 0.44662 0.00136
Fm 1.50 0.71051 0.44662 0.00136
Fr 2.60 1.00000 0.00000 0.00000
Ga 1.22 0.74037 1.00000 0.18003
Gd 1.96 0.66998 0.44799 0.19431
Ge 1.20 0.66998 0.44799 0.19431
H 0.31 1.00000 0.87648 0.81001
He 0.28 0.00000 1.00000 0.15000
Hf 1.75 0.83000 0.09963 0.55012
Hg 1.32 0.47999 0.47207 0.46557
Ho 1.92 0.00000 0.20037 0.64677
I 1.39 0.42605 0.14739 0.66998
In 1.42 0.22321 0.72000 0.33079
Ir 1.41 0.33753 0.30100 0.43000
K 2.03 0.65547 0.58650 0.69000
Kr 1.16 0.25000 0.75000 0.50000
La 2.07 0.72000 0.24598 0.15122
Li 1.28 0.32311 0.53387 0.69078
Lu 1.87 0.18293 0.79933 0.59489
Mg 1.41 0.41999 0.44401 0.49998
Mn 1.39 1.00000 0.00000 0.60000
Mo 1.54 0.35003 0.52340 1.00000
N 0.71 0.50660 0.68658 1.00000
Na 1.66 0.78946 0.77423 0.00002
Nb 1.64 0.50660 0.68658 1.00000
Nd 2.01 0.20000 0.90000 0.11111
Ne 0.58 1.00000 0.12345 0.54321
Ni 1.24 0.22939 0.61999 0.60693
Np 1.90 0.22939 0.61999 0.60693
O 0.66 1.00000 0.00000 0.00000
Os 1.44 0.18003 0.24845 1.00000
P 1.07 0.53486 0.51620 0.89000
Pa 2.00 0.53332 0.53332 0.53332
Pb 1.46 0.38000 0.32427 0.31919
Pd 1.39 0.00002 0.00005 0.76999
Pm 1.99 1.00000 0.00000 0.00000
Po 1.40 1.00000 0.00000 0.00000
Pr 2.03 1.00000 0.44813 0.23003
Pt 1.36 0.25924 0.25501 0.50999
Pu 1.87 0.42424 0.90000 0.00000
Ra 2.21 0.46310 0.90950 0.01669
Rb 2.20 1.00000 0.00000 0.60000
Re 1.51 0.06270 0.56999 0.12186
Rh 1.42 1.00000 0.06583 0.05002
Rn 1.50 0.72727 0.12121 0.50000
Ru 1.46 0.92998 0.79744 0.04651
S 1.05 1.00000 0.98070 0.00000
Sb 1.39 0.53999 0.42660 0.45495
Sc 1.70 0.98804 0.41819 1.00000
Se 1.20 0.92998 0.44387 0.01862
Si 1.11 0.00000 0.00000 1.00000
Sm 1.98 0.99042 0.02402 0.49194
Sn 1.39 0.29000 0.26679 0.28962
Sr 1.95 0.00000 1.00000 0.15256
Ta 1.70 0.34002 0.36210 1.00000
Tb 1.94 0.23165 0.09229 0.57934
Tc 1.47 0.80150 0.69171 0.79129
Te 1.38 1.00000 0.43444 0.13001
Th 2.06 0.14893 0.99596 0.47105
Ti 1.60 0.31588 0.53976 0.67494
Tl 1.45 0.70549 0.83000 0.74490
Tm 1.90 0.15903 0.79509 0.98584
U 1.96 0.47773 0.63362 0.66714
V 1.53 0.83998 0.08402 0.67625
W 1.62 0.46000 0.19898 0.03679
Xe 1.40 0.13001 1.00000 0.24593
Y 1.90 0.00000 0.00000 1.00000
Yb 1.87 0.15322 0.99164 0.95836
Zn 1.22 0.52998 0.49818 0.50561
Zr 1.75 0.00000 1.00000 0.00000